which_arm: 'right'
waypoints:
  - position:
      x: 0.2801810664964644
      y: -0.4320977449761974
      z: 0.04364840767672533
    orientation:
      x: -0.3160102350523244
      y: -0.2673918536851587
      z: 0.6511814324582815
      w: 0.6360832256447027
